Residuals
110.6957265
1569.994671
374.582906
507.3476119
756.2299648
290.4652589
160.700553
541.2887883
191.1711413
314.1711413
851.1123177
233.0534942
-202.0462544
522.2526898
50.84092509
-310.394369
185.4879839
-113.276722
-276.0414279
344.5468074
-140.5708396
-27.57083962
52.37033685
-41.68848668
-20.78823529
298.5107089
-61.90105581
-304.1363499
-80.25399698
-394.0187029
-259.7834087
-68.19517345
-253.3128205
-108.3128205
45.62835596
-177.4304676
-137.5302162
-9.231271996
-190.6430367
-16.87833082
67.00402212
-351.7606838
-87.52538964
87.06284565
113.9451986
-22.05480141
50.88637506
218.8275515
157.7278029
371.0267471
152.6149824
211.3796883
135.2620412
140.4973353
151.7326295
152.3208648
469.2032177
507.2032177
213.1443942
118.0855706
58.98582202
128.2847662
184.8730015
243.6377074
152.5200603
520.7553544
313.9906486
465.5788839
275.4612368
189.4612368
452.4024133
480.3435897
180.2438411
229.5427853
294.1310206
367.8957265
301.7780794
264.0133736
246.2486677
437.836903
417.7192559
188.7192559
427.6604324
276.6016088
90.50186023
86.80080442
260.3890397
61.1537456
312.0360985
-45.72860734
59.50668678
-64.90507793
14.97727501
-89.02272499
169.9184515
26.85962795
230.7598793
243.0588235
26.64705882
-159.5882353
-222.7058824
-600.4705882
-632.2352941
-569.6470588
-896.7647059
-820.7647059
-787.8235294
-625.8823529
-526.9821016
-1023.683157
-686.0949221
-647.3302162
-900.4478632
-819.2125691
-464.977275
-608.3890397
-884.5066868
-803.5066868
-981.5655103
-664.6243338
-542.7240825
-1005.425138
-669.836903
-590.0721971
-850.1898441
-537.95455
-618.7192559
-739.1310206
-715.2486677
-625.2486677
-754.3074912
-529.3663147
-587.4660633
-971.1671192
-393.5788839
-415.814178
-479.931825
-198.6965309
-247.4612368
-716.8730015
-430.9906486
-665.9906486
-607.0494721
-366.1082956
-546.2080442
-646.9091001
-373.3208648
-446.5561589
-320.6738059
-169.4385118
-241.2032177
-428.6149824
-181.7326295
-122.7326295
-502.791453
-314.8502765
-254.9500251
-425.6510809
-127.0628457
-81.29813977
-133.4157868
70.81950729
-10.94519859
-12.3569633
-20.47461036
261.5253896
151.4665661
32.40774258
208.307994
-0.39306184
141.1951735
420.9598793
220.8422323
350.0775264
493.3128205
127.9010558
452.7834087
491.7834087
256.7245852
316.6657617
587.5660131
208.8649573
562.4531926
501.2178984
436.1002514
715.3355455
590.5708396
331.1590749
699.0414279
437.0414279
365.9826043
395.9237808
468.8240322
424.1229764
454.7112117
658.4759175
420.3582705
878.5935646
822.8288587
720.417094
889.299447
895.299447
596.2406234
621.1817999
725.0820513
